1 7 . cvs.pl
DTLP109
DTLP103
DTLP136
ZUXP4.82
DTLP110a
DTLP402a
DTLP313a
85
       376 1 1 ? ? 304.343 436.441 428.447 162.162 483.483 235.267 539.545
       221 1 1 ? ? 268.308 436.448 428.479 162.162 477.537 235.267 545.582
      1570 1 2 ? ? 304.268 436.448 428.447 162.162 483.537 267.267 545.582
      1572 1 2 ? ? 304.308 436.436 428.479 162.162 483.537 235.267 545.582
      1574 1 2 ? ? 304.308 441.448 428.447 162.162 483.537 267.267 545.545
      1578 1 2 ? ? 304.308 436.441 428.447 162.162 483.537 235.235 545.582
       292 1 1 ? ? 352.352 400.436 447.463 186.164 447.483 235.283 539.558
       218 1 1 ? ? 360.360 363.436 479.458 162.162 447.531 231.235 558.586
      1590 1 2 ? ? 360.352 436.436 447.458 162.164 447.447 235.235 539.586
      1592 1 2 ? ? 352.360 400.436 447.458 162.164 483.531 231.283 558.586
      1594 1 2 ? ? 360.352 436.436 447.458 162.186 483.531 231.235 539.586
      1596 1 2 ? ? 352.360 400.436 447.479 162.164 447.531 235.235 558.558
       288 1 1 ? ? 327.331 424.441 458.458 162.164 498.598 235.279 567.586
       215 1 1 ? ? 339.368 479.424 447.458 155.159 489.549 207.267 558.545
      1612 1 2 ? ? 331.339 424.479 458.458 155.162 489.598 235.267 558.586
      1614 1 2 ? ? 331.368 424.479 458.458 155.162 498.549 279.267 558.567
      1616 1 2 ? ? 331.339 441.479 458.458 155.162 498.549 207.279 558.567
      1618 1 2 ? ? 331.339 441.479 458.458 162.159 498.549 207.235 558.586
      1622 1 2 ? ? 331.339 424.424 458.458 155.162 498.489 235.267 545.586
       341 1 1 ? ? 312.352 428.441 451.479 162.162 477.519 231.231 561.561
       214 1 1 ? ? 296.312 384.424 447.485 155.162 504.513 203.235 545.545
      1630 1 2 ? ? 312.352 384.428 447.451 162.162 504.519 231.235 545.561
      1632 1 2 ? ? 312.352 424.441 447.479 155.162 477.513 203.235 545.561
      1634 1 2 ? ? 296.312 384.441 447.479 162.162 513.519 231.235 545.561
      1638 1 2 ? ? 352.312 424.441 447.479 155.162 477.513 231.235 545.561
      1642 1 2 ? ? 296.312 424.441 447.479 155.162 513.519 231.235 545.561
       336 1 1 ? ? 288.304 424.424 442.454 162.164 507.549 235.267 521.545
       220 1 1 ? ? 308.335 441.448 485.485 162.162 531.564 235.235 554.554
      1670 1 2 ? ? 288.308 424.448 442.485 162.164 507.531 235.235 545.554
      1674 1 2 ? ? 304.308 424.441 454.485 162.164 507.531 235.235 545.554
      1680 1 2 ? ? 304.308 424.448 442.485 162.164 507.531 235.235 545.554
      1686 1 2 ? ? 288.308 424.441 454.485 162.164 507.531 235.267 545.554
      1688 1 2 ? ? 288.308 424.441 442.485 162.164 531.549 235.235 545.554
       356 1 1 ? ? 316.331 428.432 454.454 164.164 528.531 235.235 558.573
       224 1 1 ? ? 316.331 441.441 458.473 164.164 465.531 235.279 554.573
      1774 1 2 ? ? 331.331 432.441 454.458 164.164 528.531 235.279 558.573
      1776 1 2 ? ? 331.331 432.441 454.458 164.164 528.531 235.279 558.573
      1778 1 2 ? ? 316.316 432.441 454.458 164.164 531.531 235.279 558.573
       313 1 1 ? ? 323.331 409.414 428.438 162.164 498.531 ?.? 545.558
       222 1 1 ? ? 268.276 436.441 432.468 159.162 501.528 ?.? 548.558
      1810 1 2 ? ? 268.323 409.436 428.468 162.164 498.501 ?.? 548.558
      1812 1 2 ? ? 268.331 414.436 428.432 162.164 498.501 ?.? 548.558
      1822 1 2 ? ? 331.268 409.441 428.432 162.164 498.501 ?.235 548.558
      1828 1 2 ? ? 276.331 414.436 438.432 159.164 501.531 ?.? 548.558
       346 1 1 ? ? 308.348 484.441 442.458 159.162 492.540 203.235 542.592
       225 1 1 ? ? 288.380 424.441 404.458 153.164 489.495 235.207 542.558
      1912 1 2 ? ? 308.380 441.441 404.442 162.164 492.495 203.207 542.558
      1918 1 2 ? ? 308.380 424.441 458.458 162.164 492.495 203.207 542.558
      1919 1 2 ? ? 308.380 424.441 404.442 153.159 492.495 235.235 542.558
      1920 1 2 ? ? 348.288 441.484 442.458 153.159 492.495 235.235 542.558
      1924 1 2 ? ? 348.288 424.484 404.442 153.162 492.495 207.235 542.558
       293 1 1 ? ? 327.380 445.620 404.485 162.164 468.468 203.207 567.567
       513 1 1 ? ? 316.376 432.483 458.458 162.162 495.540 203.235 524.524
      1950 1 2 ? ? 316.327 445.483 458.485 162.162 468.540 203.203 524.567
      1952 1 2 ? ? 316.327 432.445 404.458 162.162 495.468 203.203 524.567
      1958 1 2 ? ? 376.380 432.620 458.485 162.162 468.540 203.203 524.567
      1964 1 2 ? ? 327.376 432.620 458.485 162.164 495.468 203.203 524.567
      1966 1 2 ? ? 316.327 432.445 458.485 162.162 468.540 203.203 524.567
       291 1 1 ? ? 360.376 441.424 454.458 162.164 519.531 203.235 561.579
       223 1 1 ? ? 368.380 441.428 442.458 153.164 387.489 207.267 536.536
      2010 1 2 ? ? 360.368 441.441 454.458 153.162 489.531 207.235 536.579
      2012 1 2 ? ? 376.380 441.441 454.458 162.164 489.531 203.267 536.561
      2018 1 2 ? ? 360.380 428.424 442.458 162.164 489.519 ?.207 536.579
      2020 1 2 ? ? 360.380 441.441 442.458 164.164 489.519 235.267 536.579
       386 1 1 ? ? 360.380 421.620 454.454 162.164 525.531 151.235 530.561
       227 1 1 ? ? 308.331 424.436 428.454 153.162 471.492 ?.267 530.561
      2110 1 2 ? ? 331.380 424.620 428.454 153.162 471.531 235.267 530.561
      2116 1 2 ? ? 308.380 421.424 428.454 162.164 471.531 ?.267 530.561
      2120 1 2 ? ? 308.380 421.424 428.454 153.162 471.531 151.267 530.561
      2122 1 2 ? ? 331.380 436.620 454.454 153.162 492.525 ?.267 530.561
      2124 1 2 ? ? 308.380 421.424 454.454 153.162 471.525 235.267 530.561
       407 1 1 ? ? 308.384 375.380 432.454 164.164 483.519 263.267 530.564
       230 1 1 ? ? 348.376 424.436 428.454 162.169 471.487 259.267 530.564
      2170 1 2 ? ? 348.308 380.424 432.454 164.169 483.487 263.267 530.564
      2172 1 2 ? ? 308.376 375.424 428.432 164.169 471.483 267.267 530.564
      2178 1 2 ? ? 376.384 380.424 454.454 164.169 471.483 267.267 530.564
      2180 1 2 ? ? 348.384 375.436 428.432 162.164 471.519 263.267 530.564
      2182 1 2 ? ? 308.348 375.436 428.454 162.164 483.487 259.263 530.564
       361 1 1 ? ? 343.368 441.445 447.447 153.162 483.519 235.235 545.558
       229 1 1 ? ? 308.380 436.448 447.468 162.164 471.496 203.263 545.558
      2192 1 2 ? ? 368.380 445.448 447.447 162.164 483.496 203.235 545.558
      2194 1 2 ? ? 308.343 445.448 447.447 153.162 483.496 235.263 545.558
      2202 1 2 ? ? 368.380 445.448 447.468 162.162 483.496 203.235 545.558
      2204 1 2 ? ? 368.380 436.445 447.447 153.162 483.496 235.263 558.558
      2206 1 2 ? ? 308.368 436.445 447.468 162.162 483.496 235.263 545.545
